使用前，先到res目录下配置dyerEditor.json配置文件

"SOLUTION_NUM":为编辑器初始产生的方案数
"COLOR_PATH":为相关部位色块色值的color.json文件所在的全路径
"SRC_PATH":为要配置变色方案的纹理的目录路径

[
	[1,"皮肤",[251,161,150]],
	[2,"毛发",[209,15,49]],
	[3,"头盔",[235,78,157]],	
	[4,"胸甲",[163,240,188]],
	[5,"肩甲",[32,123,167]],	
	[6,"手臂",[19,11,234]],
	[7,"腰带",[133,186,46]],
	[8,"鞋子",[95,33,192]],
	[9,"披风",[115,112,241]],	
	[10,"腿部",[34,35,29]],
	[11,"肩甲花纹",[60,205,200]],
	[12,"腿部花纹",[120,121,116]],
	[13,"鞋子花纹",[200,220,253]],	
	[14,"裙摆花纹",[72,244,18]],
	[15,"宝石",[54,136,72]],
	[16,"胸甲花纹",[255,17,18]],	
	[17,"披风花纹",[5,97,208]],
]